	615	17	-43	528
	665	22	-66	601
	714	40	-92	628
	764	48	-105	626
	815	42	-120	614
	865	50	-150	623
	915	57	-157	625
	965	53	-174	629
	1015	58	-185	637
	1065	69	-195	637
	1116	70	-221	632
	1166	77	-221	629
	1216	79	-231	627
	1265	92	-245	613
	1315	94	-261	627
	1366	91	-274	631
	1416	91	-283	613
	1466	104	-284	630
	1516	96	-304	629
	1566	111	-302	633
	1616	105	-323	638
	1667	110	-324	644
	1716	119	-331	639
	1766	112	-344	637
	1816	124	-351	634
	1866	129	-350	644
	1916	123	-370	654
	1967	127	-368	629
	2017	138	-380	634
	2067	134	-375	627
	2117	138	-396	633
	2166	147	-397	640
	2216	138	-398	646
	2267	153	-402	628
	2317	154	-426	628
	2367	145	-420	610
	2417	95	-415	705
	2467	154	-412	634
	2518	141	-435	654
	2568	143	-422	637
	2617	161	-449	634
	2667	75	-383	646
	2717	282	-151	677
	2767	263	-37	626
	2818	45	74	620
	2868	176	302	612
	2918	321	151	634
	2968	186	75	653
	3018	49	42	640
	3067	149	-110	636
	3118	59	-134	615
	3168	1	-370	641
	3218	175	-457	655
	3268	226	-538	651
	3318	70	-670	641
	3368	200	-610	644
	3419	160	-704	629
	3469	200	-718	650
	3519	203	-798	647
	3568	294	-795	644
	3618	152	-731	644
	3668	111	-762	656
	3719	132	-740	625
	3769	193	-783	642
	3819	180	-853	622
	3869	139	-928	619
	3919	221	-747	657
	3970	95	-820	640
	4019	184	-1115	636
	4069	151	-1470	638
	4119	236	-1341	645
	4169	207	-759	638
	4219	186	-456	640
	4270	176	-427	641
	4320	179	-427	636
	4370	177	-448	635
	4420	175	-492	618
	4469	128	-901	679
	4519	191	-826	647
	4570	175	-855	643
	4620	186	-859	635
	4670	272	-998	653
	4720	232	-931	647
	4770	187	-924	624
	4820	289	-804	636
	4871	269	-761	634
	4920	195	-662	626
	4970	245	-563	618
	5020	43	-359	615
	5070	54	-263	630
	5121	178	-123	584
	5171	152	-114	615
	5221	95	-201	654
	5271	79	-304	637
	5321	94	-423	636
	5371	216	-514	643
	5421	163	-475	625
	5471	327	-492	655
	5521	305	-408	636
	5571	201	-245	642
	5621	177	-169	643
	5671	121	221	633
	5722	204	392	649
	5772	162	345	633
	5822	155	158	626
	5871	86	-370	638
	5921	100	-804	639
	5971	57	-1163	644
	6022	101	-1356	650
	6072	246	-1241	648
	6122	272	-1049	653
	6172	315	-945	645
	6222	269	-795	637
	6273	179	-669	633
	6323	254	-675	644
	6372	132	-520	642
	6422	60	-381	630
	6472	266	-430	652
	6522	271	-331	640
	6573	318	-208	636
	6623	227	-138	613
	6673	63	-256	631
	6723	159	-149	625
	6773	189	-80	639
	6823	82	-22	625
	6873	120	103	628
	6923	118	210	627
	6973	201	-65	649
	7023	144	-322	648
	7073	140	-382	638
	7123	263	-413	658
	7174	153	326	661
	7224	307	-167	649
	7274	218	-551	671
	7323	183	-596	664
	7373	176	-606	664
	7424	194	-558	648
	7474	232	-317	645
	7524	202	-209	660
	7574	202	-312	651
	7624	183	-142	648
	7674	107	96	638
	7725	315	104	649
	7774	309	68	645
	7824	238	46	644
	7874	189	-70	649
	7924	99	-240	626
	7974	211	-526	659
	8025	103	-578	662
	8075	111	-554	660
	8125	182	-789	654
	8175	140	-796	658
	8224	142	-692	647
	8274	170	-767	647
	8325	191	-846	665
	8375	111	-949	646
	8425	6	-1163	664
	8475	49	-1298	660
	8525	64	-1319	636
	8576	193	-1636	660
	8626	345	-1895	667
	8675	306	-1766	665
	8725	199	-951	649
	8775	184	-541	631
	8825	191	-457	650
	8876	187	-446	639
	8926	312	-516	655
	8976	747	-574	641
	9026	661	-546	657
	9076	695	-483	655
	9125	570	-447	658
	9176	734	-427	652
	9226	488	-382	637
	9276	351	-488	609
	9326	130	-344	622
	9376	333	-300	645
	9426	226	-386	616
	9477	81	-541	646
	9527	59	-534	618
	9577	-175	-513	628
	9626	-170	-493	617
	9676	-13	-510	618
	9726	-163	-569	609
	9777	-56	-568	619
	9827	-207	-506	649
	9877	-240	-539	618
	9927	-46	-488	601
	9977	-13	-510	611
	10028	-421	-324	663
	10078	-371	-445	617
	10128	92	-477	635
	10177	205	-492	646
	10227	219	-508	646
	10277	214	-502	639
	10328	122	-546	631
	10378	-219	-422	644
	10428	-218	-453	617
	10478	-249	-453	620
	10528	-222	-478	603
	10578	-233	-516	615
	10628	-129	-558	647
	10678	-5	-482	625
	10728	-242	-593	622
	10778	32	-572	649
	10828	351	-475	647
	10878	294	-486	650
	10929	277	-523	635
	10979	289	-503	648
	11029	549	-691	641
	11078	708	-549	645
	11128	934	-511	665
	11179	1093	-468	672
	11229	895	-440	663
	11279	668	-466	651
	11329	712	-489	661
	11379	699	-456	659
	11429	382	-498	639
	11480	186	-506	630
	11529	153	-514	649
	11579	136	-516	640
	11629	88	-503	640
	11679	-546	-486	611
	11729	-667	-489	620
	11780	-718	-446	603
	11830	-504	-433	621
	11880	-670	-470	601
	11930	-417	-578	603
	11980	-299	-550	620
	12029	-8	-496	602
	12080	383	-541	614
	12130	585	-507	634
	12180	525	-559	635
	12230	401	-492	622
	12280	505	-595	644
	12331	718	-646	662
	12381	952	-595	648
	12431	768	-542	662
	12480	705	-521	666
	12530	692	-538	646
	12580	1987	-747	729
	12631	573	-307	656
	12681	192	-474	636
	12731	121	-509	642
	12781	114	-523	640
	12831	118	-518	634
	12881	163	-529	645
	12931	204	-541	637
	12981	474	-470	659
	13031	852	-468	660
	13081	868	-443	660
	13131	938	-655	682
	13181	699	-593	657
	13232	686	-465	642
	13282	614	-620	642
	13332	297	-592	639
	13381	227	-585	615
	13431	-18	-513	666
	13481	-162	-527	576
	13532	-36	-550	638
	13582	33	-535	620
	13632	-48	-732	623
	13682	-545	-532	605
	13732	-648	-526	595
	13783	-574	-349	612
	13833	-288	-462	610
	13882	-210	-511	624
	13932	-555	-439	609
	13982	-947	-462	605
	14032	-208	-477	647
	14083	151	-519	633
	14133	219	-518	654
	14183	219	-528	666
	14233	283	-467	592
	14283	273	-509	633
	14332	246	-510	651
	14383	231	-529	655
	14433	229	-525	647
	14483	229	-526	649
	14533	222	-528	649
	14583	202	-531	686
	14633	206	-489	630
	14684	226	-522	649
	14734	224	-525	641
	14783	222	-524	626
	14833	208	-521	639
	14883	210	-518	640
	14934	215	-519	642
	14984	221	-523	641
	15034	214	-525	636
	15084	208	-532	651
	15134	217	-523	645
	15184	208	-517	641
	15234	201	-528	640
	15284	198	-524	660
	15334	209	-521	648
	15384	206	-528	638
	15434	204	-533	659
	15484	201	-523	646
	15535	198	-528	640
	15585	203	-528	643
	15635	200	-514	642
	15684	198	-523	636
	15734	203	-530	647
	15784	205	-521	641
	15835	199	-524	630
	15885	204	-519	644
	15935	202	-521	632
	15985	185	-521	638
	16035	196	-521	640
	16086	199	-518	661
	16135	202	-528	647
	16185	186	-511	653
	16235	189	-527	658
	16285	193	-531	643
	16335	188	-526	641
	16386	191	-517	632
	16436	187	-520	638
